512   512.0   512   
512   577.8666666666667   1832   
512   623.44   2224   
512   632.2666666666667   1416   
512   637.5733333333334   1784   
512   647.3066666666666   1736   
512   630.8533333333334   1200   
512   655.2533333333333   1808   
512   679.92   1816   
512   688.8533333333334   1800   
512   690.6933333333334   1832   
512   691.9466666666667   1912   
512   696.3466666666667   1816   
512   715.3066666666666   1824   
512   705.28   1800   
512   732.2133333333334   6256   
512   776.72   5360   
512   842.08   6224   
512   988.4266666666666   18600   
512   1015.3866666666667   6200   
512   1145.3333333333333   8432   
512   1225.3866666666668   18544   
512   1213.3066666666666   13168   
512   1571.92   18528   
512   1426.9866666666667   18512   
512   1907.4933333333333   118608   
512   512.0   512   
512   580.6133333333333   1768   
512   594.08   1776   
512   609.4933333333333   1776   
512   608.4   1744   
512   662.7733333333333   8392   
512   650.5866666666667   1888   
512   672.72   1784   
512   671.9466666666667   2224   
512   732.0266666666666   5304   
512   760.7733333333333   5288   
512   713.8666666666667   2664   
512   744.2666666666667   5304   
512   748.0   5288   
512   856.0533333333333   12784   
512   921.28   5736   
512   1062.08   20064   
512   1206.4266666666667   18496   
512   1520.2933333333333   18432   
512   1743.3333333333333   120072   
512   2344.213333333333   16664   
512   1176.0   1488   
512   1141.12   1496   
512   6634.4   26688   
512   9562.693333333333   126696   
512   512.0   512   
512   566.8266666666667   1128   
512   619.9733333333334   8016   
512   610.9333333333333   2712   
512   625.0933333333334   2120   
512   644.24   1808   
512   637.0133333333333   1464   
512   620.8533333333334   1456   
512   646.4266666666666   1832   
512   646.0266666666666   1824   
512   653.9733333333334   1560   
512   671.92   1832   
512   682.88   1856   
512   686.72   1816   
512   696.0266666666666   1816   
512   694.4   1792   
512   752.8   6120   
512   719.7333333333333   2240   
512   727.44   2264   
512   748.6133333333333   2352   
512   789.0666666666667   2712   
512   784.5066666666667   2328   
512   782.8266666666667   3768   
512   743.4666666666667   1672   
512   857.9466666666667   8016   
512   1106.7466666666667   18632   
512   1178.56   13768   
512   512.0   512   
512   577.8933333333333   1824   
512   602.9333333333333   2264   
512   614.1866666666666   1840   
512   649.7066666666667   1808   
512   638.4266666666666   1832   
512   636.2133333333334   1464   
512   677.4933333333333   8912   
512   646.2933333333333   1456   
512   672.5333333333333   1792   
512   679.1466666666666   1824   
512   690.4533333333334   1824   
512   668.3733333333333   1824   
512   701.3333333333334   1816   
512   733.76   2256   
512   714.0266666666666   2280   
512   770.4266666666666   1808   
512   773.4933333333333   1824   
512   793.1733333333333   1832   
512   797.3066666666666   2720   
512   834.5066666666667   6704   
512   842.1866666666666   1824   
512   891.4133333333333   5344   
512   932.6133333333333   6224   
512   928.7466666666667   1792   
512   881.8133333333334   9888   
512   889.8666666666667   2360   
512   979.6533333333333   7984   
512   1028.0   5656   
512   512.0   512   
512   580.72   2680   
512   617.8666666666667   1640   
512   632.4533333333334   5256   
512   642.0266666666666   1384   
512   618.7733333333333   1680   
512   651.68   1776   
512   671.9466666666667   1800   
512   687.1466666666666   1832   
512   754.9066666666666   8448   
512   770.6666666666666   6264   
512   773.7066666666667   8480   
512   788.16   6248   
512   778.1866666666666   2288   
512   795.8933333333333   8440   
512   842.24   2720   
512   947.5733333333334   18648   
512   918.1066666666667   8440   
512   858.6666666666666   2664   
512   851.4666666666667   6664   
512   879.5466666666666   5336   
512   871.6266666666667   2712   
512   925.3866666666667   8472   
512   927.4933333333333   2704   
512   922.5066666666667   2248   
512   962.7466666666667   2696   
512   999.1466666666666   3128   
512   1019.6   2704   
512   1044.9866666666667   6224   
512   1016.9866666666667   6232   
512   1040.48   5368   
512   1089.28   8432   
512   1166.5066666666667   8416   
512   1284.3466666666666   18584   
512   1368.2133333333334   8040   
512   1490.5333333333333   18552   
512   1383.3866666666668   12688   
512   1407.7066666666667   8400   
512   1772.72   18512   
512   512.0   512   
512   586.1333333333333   1840   
512   609.7333333333333   1456   
512   615.84   1800   
512   642.48   5208   
512   670.3733333333333   1624   
512   671.3866666666667   1592   
512   696.4266666666666   1864   
512   685.5466666666666   2376   
512   692.1066666666667   1848   
512   680.9333333333333   1576   
512   675.4133333333333   2368   
512   686.5333333333333   1920   
512   694.9866666666667   1928   
512   695.8933333333333   1896   
512   715.28   2304   
512   747.4666666666667   2760   
512   762.3733333333333   2760   
512   769.7066666666667   1864   
512   793.8666666666667   1848   
512   812.7466666666667   2304   
512   862.5333333333333   1960   
512   882.72   2320   
512   1134.96   63800   
512   1530.7733333333333   65264   
512   998.9066666666666   1352   
512   1092.4   3984   
512   1707.84   20048   
512   1131.6533333333334   8344   
512   1564.5866666666666   20096   
512   1134.8266666666666   13184   
512   1089.7066666666667   5720   
512   1041.84   4800   
512   1090.1066666666666   6144   
512   1109.52   4792   
512   1239.52   6120   
512   1237.4133333333334   6120   
512   1270.6666666666667   8296   
512   1351.92   5600   
512   1318.16   13112   
512   1213.92   5296   
512   1259.8666666666666   6552   
512   1240.24   7824   
512   1290.5866666666666   8240   
512   1435.4933333333333   6008   
512   1452.0266666666666   7888   
512   1339.44   7808   
512   1372.8533333333332   5120   
512   512.0   512   
512   590.16   1416   
512   606.56   1240   
512   623.0933333333334   1800   
512   634.4266666666666   1472   
512   642.08   1792   
512   677.5466666666666   8024   
512   671.84   1880   
512   648.08   2216   
512   662.5866666666667   1784   
512   706.2933333333333   2664   
512   727.6266666666667   2672   
512   733.76   2336   
512   787.4666666666667   5320   
512   773.9733333333334   3536   
512   839.8666666666667   5320   
512   867.76   5224   
512   925.9466666666667   5832   
512   1016.4   8832   
512   935.1466666666666   6192   
512   1031.3066666666666   7960   
512   1248.3733333333332   18512   
512   1387.68   7992   
512   1614.7733333333333   18024   
512   2726.7733333333335   118520   
512   512.0   512   
512   578.7733333333333   1456   
512   618.0   1808   
512   646.6666666666666   5760   
512   648.32   5816   
512   704.88   2688   
512   698.5333333333333   2240   
512   776.6666666666666   6248   
512   790.1333333333333   5360   
512   824.9066666666666   8032   
512   862.5066666666667   13368   
512   906.24   8448   
512   837.28   1800   
512   942.6933333333334   18592   
512   1038.0533333333333   12832   
512   1173.1466666666668   18376   
512   994.24   1968   
512   1010.1333333333333   1680   
512   990.5866666666667   4904   
512   962.5333333333333   1952   
512   1056.3466666666666   6992   
512   1058.3733333333332   6936   
512   1086.3733333333332   4736   
512   1127.1466666666668   4712   
512   1087.7866666666666   4688   
512   1111.1733333333334   4696   
512   1117.3333333333333   5112   
512   1161.3866666666668   6840   
512   1214.16   5008   
512   1195.92   4128   
512   1214.2133333333334   5104   
512   1184.56   4576   
512   1248.4266666666667   6768   
512   1228.2133333333334   4624   
512   1249.7866666666666   4568   
512   1275.9466666666667   4480   
512   1255.6   4528   
512   1254.4533333333334   4512   
512   1228.96   4152   
512   1211.52   1864   
512   1217.1733333333334   2464   
512   1259.12   4904   
512   1256.9333333333334   4560   
512   512.0   512   
512   574.16   1824   
512   611.2533333333333   1808   
512   632.8   1432   
512   619.6533333333333   1416   
512   634.56   1808   
512   640.4533333333334   1800   
512   636.9333333333333   2080   
512   672.1066666666667   1480   
512   677.76   1480   
512   709.7066666666667   2128   
512   693.92   1488   
512   692.0533333333333   1496   
512   721.4933333333333   1712   
512   727.28   2664   
512   699.0133333333333   2120   
512   700.5333333333333   1488   
512   730.9333333333333   1488   
512   741.1466666666666   1488   
512   748.9866666666667   1472   
512   741.0133333333333   1488   
512   745.28   1744   
512   746.24   1488   
512   512.0   512   
512   608.48   1824   
512   614.7733333333333   2376   
512   655.8133333333334   10232   
512   647.76   2064   
512   692.2133333333334   6224   
512   695.9466666666667   2248   
512   709.76   6240   
512   690.0533333333333   2248   
512   713.0666666666667   1792   
512   736.7466666666667   8432   
512   767.6266666666667   1816   
512   790.56   5808   
512   842.0266666666666   5624   
512   852.56   2440   
512   917.9733333333334   3248   
512   939.6   2008   
512   980.64   1984   
512   998.4266666666666   3104   
512   996.96   1824   
512   1002.4   2216   
512   1025.76   3072   
512   1067.3066666666666   3160   
512   1046.96   1680   
512   1063.8666666666666   4592   
512   1062.2933333333333   1928   
512   1063.52   1920   
512   1072.56   3624   
512   1058.8   5224   
512   1084.1066666666666   1832   
512   1066.56   1880   
512   1103.0666666666666   1832   
512   1093.44   1920   
512   1099.3066666666666   2944   
512   1075.1466666666668   1888   
512   1103.2   1888   
512   1142.72   5000   
512   1134.96   4704   
512   512.0   512   
512   570.9333333333333   1240   
512   606.7466666666667   1856   
512   607.0666666666667   1576   
512   632.9333333333333   1376   
512   631.8666666666667   1296   
512   667.76   1488   
512   666.48   1472   
512   688.0   1720   
512   670.24   1472   
512   691.2   1480   
512   690.6933333333334   1488   
512   717.84   1488   
512   729.5733333333334   2152   
512   745.1733333333333   4704   
512   753.9466666666667   1800   
512   798.8533333333334   3216   
512   778.5066666666667   2104   
512   791.28   1688   
512   757.12   1480   
512   778.5333333333333   2088   
512   800.88   1480   
512   816.08   1488   
512   828.9333333333333   2032   
512   512.0   512   
512   576.5333333333333   2256   
512   629.1466666666666   8056   
512   627.9733333333334   1816   
512   639.5733333333334   2240   
512   650.48   1816   
512   675.84   2272   
512   682.1066666666667   1816   
512   661.5466666666666   1776   
512   675.5733333333334   1784   
512   696.7733333333333   2624   
512   712.16   2688   
512   711.5466666666666   1800   
512   703.28   1880   
512   722.7466666666667   1800   
512   744.6933333333334   5352   
512   823.1733333333333   8024   
512   755.76   2680   
512   844.16   4968   
512   838.8   5328   
512   893.5466666666666   2240   
512   921.6266666666667   2336   
512   1001.92   8448   
512   979.92   6232   
512   1047.8666666666666   5696   
512   1105.1466666666668   5400   
512   1003.12   18504   
512   1000.08   6216   
